# snapnum         a           z
      000     0.051120     18.562   0   0
      001     0.055611     16.982   0   0
      002     0.060129     15.631   0   0
      003     0.064641     14.470   0   0
      004     0.069118     13.468   0   0
      005     0.073621     12.583   0   0
      006     0.078119     11.801   0   0
      007     0.082617     11.104   0   0
      008     0.089373     10.189   0   0
      009     0.096749     09.336   0   0
      010     0.104004     08.615   0   0
      011     0.109004     08.174   0   0
      012     0.112994     07.850   0   0
      013     0.117994     07.475   0   0
      014     0.123001     07.130   0   0
      015     0.128008     06.812   0   0
      016     0.132996     06.519   0   0
      017     0.139005     06.194   0   0
      018     0.144991     05.897   0   0
      019     0.150989     05.623   0   0
      020     0.157011     05.369   0   0
      021     0.163988     05.098   0   0
      022     0.170999     04.848   0   0
      023     0.177999     04.618   0   0
      024     0.186012     04.376   0   0
      025     0.193986     04.155   0   0
      026     0.202020     03.950   0   0
      027     0.209996     03.762   0   0
      028     0.219010     03.566   0   0
      029     0.227998     03.386   0   0
      030     0.237982     03.202   0   0
      031     0.248016     03.032   0   0
      032     0.257998     02.876   0   0
      033     0.269034     02.717   0   0
      034     0.280978     02.559   0   0
      035     0.291971     02.425   0   0
      036     0.304971     02.279   0   0
      037     0.317965     02.145   0   0
      038     0.331016     02.021   0   0
      039     0.344947     01.899   0   0
      040     0.358938     01.786   0   0
      041     0.374953     01.667   0   0
      042     0.390016     01.564   0   0
      043     0.407000     01.457   0   0
      044     0.424088     01.358   0   0
      045     0.442087     01.262   0   0
      046     0.459982     01.174   0   0
      047     0.480077     01.083   0   0
      048     0.500000     01.000   0   0
      049     0.529942     00.887   0   0
      050     0.544366     00.837   0   0
      051     0.550358     00.817   0   0
      052     0.556174     00.798   0   0
      053     0.562430     00.778   0   0
      054     0.568505     00.759   0   0
      055     0.574383     00.741   0   0
      056     0.580383     00.723   0   0
      057     0.586510     00.705   0   0
      058     0.592417     00.688   0   0
      059     0.598444     00.671   0   0
      060     0.604230     00.655   0   0
      061     0.610501     00.638   0   0
      062     0.616143     00.623   0   0
      063     0.622278     00.607   0   0
      064     0.628536     00.591   0   0
      065     0.634518     00.576   0   0
      066     0.640205     00.562   0   0
      067     0.646412     00.547   0   0
      068     0.652316     00.533   0   0
      069     0.658328     00.519   0   0
      070     0.664452     00.505   0   0
      071     0.670241     00.492   0   0
      072     0.676133     00.479   0   0
      073     0.682128     00.466   0   0
      074     0.688231     00.453   0   0
      075     0.694444     00.440   0   0
      076     0.700280     00.428   0   0
      077     0.706215     00.416   0   0
      078     0.712251     00.404   0   0
      079     0.718391     00.392   0   0
      080     0.724113     00.381   0   0
      081     0.736377     00.358   0   0
      082     0.742390     00.347   0   0
      083     0.754148     00.326   0   0
      084     0.760456     00.315   0   0
      085     0.772201     00.295   0   0
      086     0.778210     00.285   0   0
      087     0.787402     00.270   0   0
      088     0.790514     00.265   0   0
      089     0.802568     00.246   0   0
      090     0.808407     00.237   0   0
      091     0.814332     00.228   0   0
      092     0.816993     00.224   0   0
      093     0.823723     00.214   0   0
      094     0.826446     00.210   0   0
      095     0.832639     00.201   0   0
      096     0.835422     00.197   0   0
      097     0.841751     00.188   0   0
      098     0.844595     00.184   0   0
      099     0.850340     00.176   0   0
      100     0.853242     00.172   0   0
      101     0.859107     00.164   0   0
      102     0.862069     00.160   0   0
      103     0.868056     00.152   0   0
      104     0.871080     00.148   0   0
      105     0.877193     00.140   0   0
      106     0.880282     00.136   0   0
      107     0.886525     00.128   0   0
      108     0.889680     00.124   0   0
      109     0.895255     00.117   0   0
      110     0.898473     00.113   0   0
      111     0.904159     00.106   0   0
      112     0.907441     00.102   0   0
      113     0.925069     00.081   0   0
      114     0.956023     00.046   0   0
      115     0.970874     00.030   0   0
      116     1.000000     00.000   0   0
